334021
721071
459273
495961
886320
205476
362145
692398
692398
721071
459273
334021
401459
625787
334021
400756
825041
692066
721366
529395
1049720
692398
625485
727382
493046
689581
723775
787106
825041
263570
694159
758067
721366
362145
134863
689581
890996
400756
787106
493046
459273
563601
591577
723775
886320
205476
727382
525485
263570
591577
134863
787106
493046
789372
886320
625787
721071
401469
525485
1049720
433712
731617
926777
395297
399902
795228
667456
950364
173750
732527
433712
862188
206777
632687
795228
566110
764371
926777
961053
634456
895305
501497
1017031
559308
594033
790442
896715
824170
859320
795228
571556
504642
787982
405460
498519
564447
962400
696125